8 14 board_8x14_10_1_auto
0 0
7 0
7 13
0 8
1 9
0 9
2 9
2 8
3 8
3 0
4 5
3 6
3 5
6 5
5 6
4 7
4 6
11 19 board_11x19_12_13_auto
0 0
10 18
0 14
2 14
3 15
0 6
0 5
0 4
9 0
10 0
10 1
10 6
10 8
10 11
10 12
18 14 board_18x14_26_26_auto
0 0
17 0
17 13
0 13
9 11
4 13
5 7
0 8
0 9
19 6 board_19x6_8_58_auto
0 0
18 0
0 5
0 3
4 0
5 1
6 1
6 0
5 0
7 0
10 0
9 0
8 1
9 1
11 5
18 14 board_18x14_26_26_auto
0 0
17 0
17 12
0 13
7 8
9 7
9 10
4 8
4 10
17 6 board_17x6_10_78_auto
0 0
0 5
16 5
16 0
3 3
12 14 board_12x14_14_90_auto
0 0
11 13
0 13
9 5
2 0
0 10
3 13
11 11
11 10
7 19 board_7x19_9_109_auto
0 0
0 18
6 14
4 14
3 14
4 13
3 13
2 13
2 12
0 12
3 3
2 3
2 4
0 3
4 16 board_4x16_7_119_auto
0 15
0 0
3 0
3 2
3 3
3 1
2 0
3 5
3 6
2 6
2 7
0 6
0 7
3 15
4 6 board_4x6_3_127_auto
0 0
3 0
3 5
0 5
0 2
3 4
2 5
